20160629|2918.53|2931.59|19.03|0.65|2915.06|2934.00|193215584|22340636.00
20160628|2885.01|2912.56|16.85|0.58|2878.82|2913.58|173871040|21107930.00
20160627|2840.56|2895.70|41.42|1.45|2840.28|2895.73|156697472|18985472.00
20160624|2883.76|2854.29|-37.67|-1.30|2807.60|2899.57|190842608|21491344.00
20160623|2902.40|2891.96|-13.59|-0.47|2878.66|2904.11|136137376|16368027.00
20160622|2872.73|2905.55|26.99|0.94|2869.51|2905.98|130590424|15633939.00
20160621|2898.38|2878.56|-10.25|-0.35|2869.18|2919.30|164359088|19820192.00
20160620|2887.64|2888.81|3.70|0.13|2864.02|2891.66|136571056|16373444.00
20160617|2873.01|2885.10|12.29|0.43|2872.18|2900.30|171472512|19543250.00
20160616|2878.40|2872.82|-14.39|-0.50|2865.39|2887.74|173882752|20195716.00
20160615|2814.69|2887.21|45.02|1.58|2811.78|2894.26|166671072|19719934.00
20160614|2824.23|2842.19|9.12|0.32|2822.06|2843.46|119755272|13853175.00
20160613|2897.27|2833.07|-94.09|-3.21|2832.51|2911.16|169255440|19854776.00
20160608|2932.38|2927.16|-8.89|-0.30|2908.37|2937.99|143046080|17737732.00
20160607|2936.28|2936.04|1.95|0.07|2923.50|2938.44|132987864|16360561.00
20160606|2940.99|2934.10|-4.58|-0.16|2922.28|2945.94|141993744|17242678.00
20160603|2929.79|2938.68|13.45|0.46|2915.19|2945.52|172021024|21130248.00
20160602|2911.22|2925.23|11.72|0.40|2906.52|2925.67|159716912|18508490.00
20160601|2917.15|2913.51|-3.11|-0.11|2909.51|2929.08|188386432|21986806.00
